free 0.08 0.2540983606557377 0.08 0.32786885245901637
free 0.2 0.2540983606557377 0.08 0.32786885245901637
free 0.32 0.2540983606557377 0.08 0.32786885245901637
free 0.44 0.2540983606557377 0.08 0.32786885245901637
free 0.56 0.2540983606557377 0.08 0.32786885245901637
free 0.68 0.2540983606557377 0.08 0.32786885245901637
free 0.8 0.2540983606557377 0.08 0.32786885245901637
free 0.92 0.2540983606557377 0.08 0.32786885245901637
free 0.08 0.74590163934 0.08 0.32786885245901637
free 0.2 0.74590163934 0.08 0.32786885245901637
free 0.32 0.74590163934 0.08 0.32786885245901637
free 0.44 0.74590163934 0.08 0.32786885245901637
free 0.56 0.74590163934 0.08 0.32786885245901637
free 0.68 0.74590163934 0.08 0.32786885245901637
free 0.8 0.74590163934 0.08 0.32786885245901637
free 0.92 0.74590163934 0.08 0.32786885245901637
